657604
481848
447062
40030
239447
252260
771304
765537
240608
820792
261153
796293
910321
927740
37335
30623
156367
374171
707150
302733
187493
459437
250512
990988
666114
552163
310253
617878
525407
738928
172879
445666
346558
278139
340160
830789
926465
949835
145677
469924
895176
932652
732552
353151
600028
170669
904063
297992
480479
424552
48279
681770
953768
838353
521654
796005
674831
761406
354401
628350
716290
848917
321354
548753
938555
497229
574150
473190
419931
882708
512288
615215
857678
392290
706523
544776
30585
321755
149946
117439
688410
773377
996850
306162
617942
692714
659991
60276
900360
788078
539596
144636
585287
497912
182330
31540
40302
201496
830079
39580
29238
947877
751871
176559
910907
109065
871382
804013
520728
345102
671040
186209
341120
998825
596851
126908
202339
419478
145720
581462
429222
262693
500050
763052
5090
973702
621388
602067
212739
890703
70184
253401
252037
14102
287389
780125
911930
114483
212902
917598
397218
393850
204426
301406
726739
863089
787841
903964
666926
102973
811093
976619
543432
447767
757707
321568
50827
968061
392284
795656
866806
256379
937581
763357
130705
76429
355338
168261
86268
304137
874037
355544
376985
663871
524671
721592
269707
483544
30659
528024
266887
741506
599546
907716
202405
192350
793231
363311
852327
478578
755936
958780
695988
887812
404498
344161
97706
611071
101229
402140
9372
973
484320
979208
74253
823165
29279
532363
793962
74937
403253
318943
232079
345477
430906
698194
482783
235904
941977
93378
17560
908079
369709
99985
425577
876417
231742
127874
907766
495507
869125
713101
295374
793361
541560
81760
629873
79358
212439
658944
87971
783755
607016
948760
717613
415808
841742
473239
233299
168237
282886
800801
439643
309044
672690
55795
489719
294974
736976
224899
142087
639402
195194
640392
517511
273118
790421
363780
168444
71926
205560
631016
286039
38184
28350
14551
695441
440352
793994
760684
82303
600297
318160
276550
175290
730192
137055
44002
137551
72382
524224
601831
253085
844090
916921
817167
776461
653759
831962
810725
248130
646006
319027
94631
572785
442907
510802
142158
431506
207427
555980
263818
487089
222231
898397
864038
638698
927313
571888
929212
985373
21983
613505
962396
667297
902398
491364
453823
968445
235342
154588
668278
893822
442350
747580
659954
381255
920458
121830
597156
349125
494335
869117
120692
474650
330532
280366
478504
978368
693217
830130
277163
993778
634525
490101
146460
780707
839994
787444
138492
435691
244702
406287
458282
644558
153734
862817
861737
14301
723357
498603
521547
267650
832291
412577
640373
449401
417030
137955
646706
35134
733431
457713
715145
340697
876773
382335
281983
619505
725958
495381
830339
251794
62737
165750
738567
624113
794359
395688
58161
910362
815093
644449
760522
116436
899543
923037
598605
676722
213038
16985
559408
921546
927188
313991
869277
213156
591665
674286
910427
625910
591539
606045
317476
821237
273929
945085
448631
581410
723058
94803
174408
424728
760915
585699
115944
280950
154495
941954
74882
573935
274484
275378
741614
434794
532837
666139
700279
649871
984691
457215
822077
855741
333820
268139
948836
115901
985823
75255
997346
714417
455736
430251
654255
773815
638815
425036
345689
698703
53553
968681
851301
192358
9310
594455
908544
120319
220101
437815
831177
510054
782756
72819
22965
544704
96560
657169
151985
911588
614781
497343
335463
980990
966923
622729
381514
492374
129216
896682
757247
741206
954231
250862
485407
582721
169779
96500
842904
472804
695455
152163
926998
198031
868335
964038
988584
91590
802432
513889
867822
220895
876689
759674
251709
415271
372055
962807
409551
377308
270084
297923
111707
357992
388938
274657
965270
391080
840619
82086
412056
377015
485091
799990
809751
650122
599895
322101
531413
620679
200667
84099
814725
935869
98905
116513
63500
827108
946349
936246
810877
939234
968399
985815
146257
242963
444515
182746
250348
47258
953221
866078
250485
237753
107191
261378
997033
689908
744679
702409
499430
882258
328633
884971
892604
906421
545309
591581
753149
287359
70106
703821
738196
235087
978471
710186
366729
281729
847812
182807
233429
384942
490334
68732
336889
464417
859029
119215
284888
974748
47686
591081
757731
659128
407710
316963
726006
532974
687576
243002
592330
54413
55589
473119
825900
126262
409259
997213
789212
648055
288786
734051
428564
914608
557177
663674
277453
966344
198818
727304
6662
814854
571295
258127
947007
278742
299505
744893
730516
944741
41235
474021
694342
598775
285021
947153
926499
838321
277346
239027
80619
281218
846163
170672
242565
194420
507956
813534
399580
89839
707829
336489
446514
365277
544665
925092
864616
246842
120699
833515
202197
393009
622991
127437
976105
146039
586600
440825
148433
327549
695077
531681
227175
468519
606256
830026
823628
150833
504743
273405
573917
913859
451115
958917
869138
619116
547655
168745
434865
684141
993737
56425
431125
788411
953563
360859
947350
466149
150023
970105
671530
614077
7346
136580
606519
616199
811041
357483
154541
873319
576697
309270
449999
524468
420130
728548
620116
699569
976950
133410
516081
593087
925272
296519
840731
283358
219417
174947
117546
130398
969042
945217
570099
254142
721354
820528
972395
346273
210073
811952
666501
822967
772538
380492
739356
162079
998997
676178
738143
514704
703999
836510
708147
281314
487835
798352
522889
676345
464568
207001
819751
346687
370659
534433
620597
859473
661756
50420
571223
486029
453390
230006
874012
759140
764246
460737
739692
7925
275305
473799
847018
615928
249936
640813
880180
561080
363851
604177
431169
1743
593471
474436
78926
961016
796446
792568
854006
651093
525512
524450
363909
208831
109125
188777
936438
384371
682212
164115
464336
33133
302366
425564
728495
820118
120081
815233
33940
855975
325746
278075
176234
370328
781015
111605
312068
851225
236946
909110
664742
288475
135789
246514
404891
904079
535160
138823
593349
988562
106546
747241
681441
872789
778924
849695
834373
616920
496790
833847
697494
293497
828705
161385
101198
278426
566352
924657
831137
261858
652261
892641
555109
555367
875608
751630
997762
163512
80854
661434
469542
60778
864044
698935
91691
404826
935477
912385
124758
525170
483883
107767
951397
308829
38089
691922
704000
603718
331477
197642
74398
133326
313199
773379
451134
919060
841312
188885
269128
306741
934182
199651
953313
358432
989619
448443
561177
27461
220858
930211
95734
948659
91954
441724
582945
436979
970373
341035
717335
780095
400588
569297
442870
531227
684750
558851
286642
64254
409742
635194
56855
215510
211880
228649
944891
240259
429465
206368
181349
945490
233592
813312
43778
603126
198122
565080
746981
483236
516416
70299
260803
658984
907434
360834
241565
157653
16189
737639
331592
13042
930431
384576
461978
215066
751692
57667
306746
515683
165008
549105
267668
535706
35865
517358
510465
435348
299933
696282
221
598175
184561
869956
830621
368890
595069
992615
869880
833699
951034
675157
153648
726387
845378
292522
626204
187341
57270
521223
916308
338172
171704
414648
983574
26276
172051
296773
259529
756355
441880
846129
340219
297024
141918
986596
871377
53303
238598
748862
555079
389374
982990
405137
443468
448901
226278
995331
870270
962981
258954
582810
792682
824981
125961
73183
769608
687983
329268
720326
188272
201531
372749
771963
245271
624657
66657
180504
48112
43259
999324
538765
8319
598766
81453
912587
362572
226028
392547
348050
982290
235971
312288
69083
388050
689405
498746
173453
997869
376728
210326
345009
104799
964184
375922
202428
492003
47555
2542
449916
556077
846997
609498
795935
243735
481996
844143
478292
819021
534382
687989
801049
578504
250874
329323
302218
758469
155641
38292
402264
403014
471348
509207
71584
21305
871527
323140
60860
269473
208253
492974
413609
152366
11347
922326
312266
768483
204635
715060
675718
232080
550389
664923
866934
43261
459819
362302
344788
166674
855246
160651
335544
750802
607737
842689
772392
824009
957403
547814
948860
557385
284208
611714
917190
929049
238989
330361
664990
950287
698527
928861
773321
784646
842384
184709
79796
299236
838648
82316
711486
249185
350538
299306
304207
79581
735530
926552
166633
869058
25416
555308
463743
56862
951338
643765
661993
887578
244198
248048
662337
654828
966395
508975
488801
573180
915929
359221
165567
884822
958660
88863
79905
993497
45566
153217
281936
732699
577403
804632
807358
702871
751138
773029
898466
437050
805147
141817
934479
455461
898922
362495
457618
570373
79251
240791
42799
109943
461827
797950
663690
180679
480632
273787
133983
899318
961494
221727
205325
998311
754016
596717
579683
710010
623336
118172
419169
429934
921088
58141
158515
439270
757788
269305
504690
436481
542761
633421
643106
449692
505480
893085
240030
438559
97478
525754
476602
878203
527543
818310
962030
918834
670138
720820
646026
537680
857212
853466
897341
302598
632725
116068
343819
902040
717707
814740
98102
390750
734765
490409
438452
184798
393529
930571
674222
93942
330138
242049
842584
404930
314081
42913
485894
850365
147220
824668
757295
848616
560586
323861
643732
586434
667333
903228
464896
178284
58127
371721
322522
990712
778288
934860
821058
852109
639812
907876
374655
628853
15596
162389
854907
835029
200640
649518
328965
924841
282021
519294
444322
13141
193447
651789
478578
319588
153042
358867
418576
247942
428772
426945
995248
935300
390482
470546
353355
230914
749408
466832
914514
399240
983747
230794
838217
790550
801373
816469
411680
718361
221163
271015
629486
147129
882627
452159
761997
969947
154206
504509
703286
114997
713876
705173
8419
488972
678564
626503
877072
939552
818189
94728
895828
266346
328873
275315
732764
233162
244587
886275
866288
151766
628036
15671
5169
487803
313354
70728
658249
55979
982954
914736
309939
613734
518579
358685
158836
595239
721493
547004
59368
178893
508355
122317
671204
40975
820881
395857
778175
219412
692839
295385
55953
469571
251017
202338
175693
697740
436396
713153
454174
383274
276203
710583
58185
492274
96842
963475
116172
491442
682565
752275
15258
469167
789885
593823
134890
625174
427259
665997
605694
337041
974175
994256
42311
505255
126080
496238
383376
272339
940379
389834
944603
73042
403222
420195
614746
732974
573142
845508
15531
104262
675193
832398
708699
491708
987928
157403
88927
327274
110756
89815
753835
827295
982702
342723
264248
407186
194133
830300
649553
95287
306763
882022
918274
688554
480987
267747
969119
923754
224992
935815
978118
36080
989285
897637
595089
779521
338825
679627
64996
935009
332081
591314
473633
210101
800747
761986
660484
941159
529984
925201
429987
615758
813305
527019
692341
152399
412034
610528
285808
174590
809215
524496
862210
775998
373533
148552
983529
373907
508237
578577
413130
354877
766578
609878
39635
236541
576886
728701
950885
614984
751993
354444
16286
332727
311323
241960
922372
670558
473088
602264
353278
361640
756779
430135
119378
736823
28191
356496
272191
510011
896408
85060
908416
547631
397560
210063
68442
552656
526033
857763
159905
399188
651021
113182
794480
274382
538436
319646
755412
541292
251778
866709
402540
302087
934872
109287
790220
688978
767424
540167
905938
742680
600040
796362
985609
861585
189402
371138
373149
688749
55986
250836
218666
114635
468464
286965
982126
383446
237653
756762
7348
543018
841161
243074
857204
479762
631274
610908
2892
617841
452637
667066
68683
297263
235547
912686
490667
704942
488225
513489
274462
140770
259159
899362
458463
768468
230842
640144
891131
296126
465172
461074
630647
824167
87101
902636
814095
654310
424429
710605
223619
234372
842182
562998
726347
152035
273249
44421
369066
951115
863961
324269
902259
42196
302612
754368
40341
24610
938639
373996
1648
27959
203565
805086
204026
949455
541116
627436
250047
744870
675316
628645
448527
112835
800390
557722
115083
453383
922908
56449
67284
552986
746525
748852
170381
935604
15744
500257
525737
597352
931113
125689
763086
721829
373921
603164
596719
308074
344703
522133
374444
531612
762778
602298
208770
272346
375789
452860
398004
887190
809083
572062
116220
263169
779160
529433
572439
362389
879507
49287
423931
722771
393950
450295
524278
572325
834849
481855
927311
503105
391913
522675
155117
401017
453469
266357
767708
518411
263096
104373
916038
322516
317208
51253
415892
995973
613581
919067
149436
888685
379188
557906
778968
629023
811104
685959
695323
397933
659207
75969
50979
365641
932167
148504
469062
435728
142955
953870
720427
241936
917653
10469
662770
377457
453913
472229
718885
470172
727324
408389
35404
789381
817879
980533
938023
655592
118797
692210
177502
860389
448154
483713
811716
873321
656470
272027
70013
78615
615250
596352
873345
744039
881228
197013
373009
22048
418730
61009
247745
804272
447694
708893
624346
909509
562890
99572
826521
838635
255062
589823
596743
432401
886728
860822
479377
491911
564761
157523
13461
860700
680904
923949
617675
810718
239975
263914
250144
187517
304682
39763
157642
105597
166866
346225
654665
437559
910487
76738
15580
422531
164639
454068
415889
166567
664835
960639
556377
126785
604838
644781
124684
499375
590631
907919
354238
807456
908501
581800
642629
192104
570185
31326
595880
715741
747165
120824
378012
739750
259643
37230
409108
409189
973998
829030
280692
285982
6664
465455
290956
200130
729553
485230
484379
617134
990526
774142
924999
966127
801453
934520
164760
988166
131593
611023
85741
721485
991769
949701
943338
725594
197260
105697
366919
821210
342468
421506
483068
285827
646670
163456
758217
731808
259719
205906
333729
580007
804404
924479
105684
274834
668070
554989
246129
741787
480585
394433
149215
969211
691287
172529
821013
186150
482272
542311
403069
710315
284276
931143
507603
955901
393285
969008
154305
504824
477393
627167
846221
389988
371072
376001
103790
821530
693606
915018
229516
16405
191467
767758
236681
605908
504708
829747
970340
84252
398403
559008
193769
373312
211321
246443
553696
930219
846728
622506
495738
299470
435759
721885
885389
727679
82620
800654
358705
978224
228871
849476
214114
716388
98353
741786
618518
268689
938237
835858
678956
382953
407966
706418
304024
956923
190062
351033
113662
762400
684903
719664
445728
988241
703894
431391
358239
938305
19515
678076
594653
777921
370576
918724
898689
264380
109569
241722
841014
272269
975950
64518
807318
67946
558493
751212
76685
440622
686662
743775
664169
569156
738034
967097
802212
358563
492700
211138
996635
878744
731970
703725
325656
737253
90644
96881
69418
400052
990917
662993
66973
973551
637182
128717
80720
655472
570719
128426
710317
570448
251502
619349
506137
459877
595478
550253
94492
215844
91561
94935
166447
659409
736530
365438
439142
617904
418836
598134
916126
849309
335847
266659
64956
998022
793892
501685
460676
604998
398866
22993
100395
27350
559038
761861
650238
288222
265419
173324
822642
882602
380342
856115
974903
187916
337688
884918
784092
191317
959006
727929
875403
609693
590608
284145
238577
546335
76678
726683
692121
968876
333726
738845
657724
483519
591363
663764
872251
941178
969581
521694
723457
482535
965501
949512
988945
531560
274050
213022
172057
810437
838659
875380
410398
726635
723856
817401
698682
954335
247251
502690
938320
370589
869062
608908
810791
639567
395292
150181
66706
936371
401205
513104
798321
283602
812771
382863
418411
821093
302007
667138
198199
576454
94376
724439
252500
174863
47957
483130
804050
979562
428693
318927
287958
427026
177624
414717
659877
458456
261874
766301
187291
76465
680503
402486
622732
106931
431197
511678
989583
404616
954159
841027
731659
461611
878503
746014
518012
534957
325168
91680
882895
260279
681707
114349
930553
117579
746771
364192
242921
944081
266445
471243
521304
839161
630666
558162
949884
78711
501942
46032
239467
334051
395310
565474
125505
872836
522522
880720
662436
806393
395451
702821
310214
725522
894556
743897
978135
676085
602018
657771
670485
766458
757225
437462
904883
471815
663546
772587
198187
687143
876765
489029
728714
723810
790055
340283
820195
84235
435319
172735
262513
627217
161928
586092
308293
607803
313872
245613
661759
156461
179480
194351
897908
148304
844920
737953
69743
362063
442787
947866
926191
574168
216078
278438
559912
673253
46823
124189
63406
64523
502648
90007
598197
407757
596521
689715
253367
523526
387156
358057
414229
952413
185782
555969
562505
182340
453822
862347
379082
287545
61473
352292
431246
793053
700139
399911
380192
356997
401067
157214
319712
621759
912862
993779
472647
414095
637385
562006
736324
17148
692757
583279
895127
680773
620728
54337
93951
103675
714816
231485
483775
89238
704967
901365
1575
766845
450062
260423
671957
903009
568843
247544
843304
226003
398552
206436
368945
122935
522900
82635
687824
193482
455150
487445
687745
142779
194306
50796
120423
639975
966639
165099
295373
489006
453032
498006
151469
960998
687250
998030
361658
754643
614268
603727
805974
23351
453404
576279
249102
988343
472471
124345
436043
622106
335866
78294
408954
255562
227954
239428
210508
941324
258817
85196
570357
984843
807569
497772
535367
978677
233019
297349
892633
67863
834201
973308
267152
474662
330999
962923
401428
602248
317737
998645
679270
800729
430721
669871
100452
811548
384224
409301
542925
627491
929457
563243
627917
347484
982921
682913
623050
210251
63464
342173
758278
994124
525984
100108
30585
429421
62273
768227
165677
139470
388781
674706
940100
166902
76950
579371
444602
553047
820703
469705
298543
287256
421151
960152
730733
867228
553178
739723
921936
127035
415141
763770
940802
969293
391288
782624
952033
3326
159718
194381
275098
365989
829991
585259
856676
92119
301314
525768
153115
191013
730712
125347
895982
890327
259496
132454
611269
510618
108298
997477
848653
71775
120011
385124
718717
105575
86046
143739
475279
877512
543751
574074
33686
761255
489969
233538
430362
810672
258409
794366
999455
789344
704825
323124
337669
221359
451414
447985
554347
292855
707236
840712
31001
800847
49438
562735
720874
954411
854295
299587
580225
62436
394228
706718
851372
872036
132001
529424
760449
456347
362431
867790
990026
426141
788946
203566
281576
526187
565173
690637
861219
671451
369129
512092
665768
69428
769047
238051
405701
396742
432761
909524
614887
894731
293591
578119
671546
203471
115301
840555
332154
555852
610922
854435
225197
634678
12422
31742
541669
816734
379241
878433
182298
34964
652474
928764
961899
17138
681994
749618
24593
755186
643118
599175
211883
795079
675721
396921
510704
296325
32475
520200
530218
649715
850945
886690
107559
800679
53182
914757
569021
91018
332592
707706
680720
211970
790691
344449
962416
435571
149933
168995
608672
483971
170550
715396
251812
91844
499596
72235
815876
624258
709107
439265
986495
139316
753313
146913
137315
19160
244792
929782
736373
144685
247616
941301
991227
88180
420731
392501
156683
760990
380608
304620
920332
311441
254336
426941
355558
649935
696515
247729
396738
907019
681040
134802
328279
623849
986330
539525
208910
59830
255766
900804
857141
195665
593086
170928
318836
571213
371163
926150
872006
568443
313388
752821
140716
78203
186779
172219
399767
630751
903211
245875
347140
157447
677121
576174
355689
604753
535056
309734
611872
107855
458800
221547
597058
407551
560061
526988
981887
614759
623980
77005
332911
805755
526593
512430
554007
722540
684878
226698
776051
433254
716684
168566
103535
273623
392506
46330
178433
251957
829425
68232
390692
579978
449008
890904
504553
518875
680873
572919
634409
908362
357429
739518
533571
981344
849877
426744
747610
170265
515770
335177
592784
585127
534968
143162
459586
581114
460323
803404
448804
576123
704596
130906
989187
529850
335694
995478
601377
678735
851500
712425
632854
701324
293564
657082
932413
696927
658103
605091
334798
939676
571411
394537
941138
313144
123621
710714
88405
44730
434052
320036
258537
194270
89383
676863
505442
576985
480939
333817
746119
317815
331556
241421
694450
841966
20002
780733
451419
520883
905083
918662
823401
7788
178659
526225
734753
387023
686737
698202
980999
858201
544284
445593
946036
591046
444539
167971
515397
378468
286013
958028
460311
617541
838691
231189
831322
817602
196002
194382
426873
230941
181692
758130
830363
960462
856557
326449
952560
871348
568574
24401
665126
324424
342894
962189
593090
707575
732145
463352
839698
715901
722854
61023
318346
855597
590112
505605
825682
450753
702746
578340
55222
356620
429129
386651
369495
761185
385704
35760
890356
79676
913694
572397
682714
358724
627245
7087
589260
409812
672206
578285
982607
626836
690402
546392
255400
552089
595258
937901
234273
892119
855764
550458
600821
203048
214685
338500
569922
595751
424121
836060
546831
401511
229210
205228
336012
745992
174116
275291
370747
822628
375511
198988
985778
821479
993670
3601
325971
945347
196323
4871
560211
162544
657340
778582
81833
150545
350868
563884
615983
456850
878911
957094
261316
916146
723807
149987
235831
522171
106310
589788
666727
752953
185457
158255
894406
650809
891441
8494
374352
923976
855886
848811
447906
85101
108810
873711
346737
763160
438056
561998
463850
828886
849818
684595
33586
669462
350069
32130
606548
399309
991675
650193
468792
821361
535260
932920
264355
629457
994404
972323
369280
577635
927169
884198
760117
829539
396882
998825
698675
342966
192531
315147
735786
670989
503815
622908
335805
474134
749131
962941
869926
949263
737962
837022
575325
381769
164811
869436
576570
635877
348592
623024
221090
170433
875746
336580
756704
56781
652009
447081
797538
778303
720455
430955
200977
125882
905241
977176
753
805275
416309
951042
914978
716121
349666
120718
182432
953018
240692
190704
374310
581640
982293
88728
347002
551082
943634
38814
31288
504673
950303
765043
860549
578334
368673
135746
256155
848768
557166
882350
328798
975063
285671
647929
41950
285738
137769
952780
56073
433773
679797
289265
451341
80614
855026
103098
823721
405153
806820
521035
991956
99140
20005
979962
248922
872923
365688
864969
83403
844248
125608
211143
124515
860611
677628
485205
966777
559198
103616
591726
816938
440158
702087
28991
168674
259487
681152
510117
240956
696853
622710
703909
692870
574946
904637
364413
40178
662721
65193
626502
570774
491831
441066
387719
111307
857497
416756
435634
477496
522861
664620
996106
765647
506088
425533
311616
754662
673848
225835
803578
58530
154343
975876
820082
306762
274749
432352
220183
825038
546629
669938
95088
372834
338570
478939
292311
983644
877045
724326
730000
386321
402864
979296
297041
195598
236989
921135
4851
395679
406326
305904
314294
563567
359869
100802
495883
935996
750855
982087
149509
775274
111169
122556
371292
189017
594848
568250
81232
744392
472662
369899
815620
506325
101578
823983
50486
247992
568103
624088
910992
643946
986921
131951
984868
389703
789281
584180
722520
482293
7900
540590
981639
402940
319522
534454
414307
177005
800435
674101
972238
680757
659644
403539
463488
653051
855339
676604
700424
898503
117315
572853
472761
308679
975125
973130
906366
708344
455094
175238
554883
776595
609956
570342
954781
879996
678682
185198
381585
386261
775945
613534
211795
160971
850228
773660
886564
138220
33361
62499
175622
934461
282359
177842
178828
836862
65677
941469
45174
54558
146383
438262
992962
66218
365702
514387
230262
989902
368891
944560
763054
378319
34509
727937
259595
976160
20587
125798
475132
489887
404972
511812
461141
461270
655881
34251
360310
549942
303159
809531
544624
30372
46572
13067
945544
997468
497423
267003
842297
397915
162111
759562
474803
412542
372650
351118
591498
258378
516855
238191
561299
888236
992659
77731
680399
643118
37070
309030
964484
603839
661798
355271
801507
419628
59217
596076
634229
569189
11961
590739
844538
798158
252576
842616
978203
193206
220589
18892
849466
391738
151535
735248
77438
635523
377093
472977
792989
1334
658725
757671
523177
800091
399217
39462
805217
27225
511465
379387
637420
425644
317691
14128
194498
553394
688467
55363
950788
777807
672444
294747
808487
951407
679571
379761
646713
496860
596101
693145
899768
21020
452900
383966
750747
538868
151470
776116
52401
288311
895992
259505
940592
815572
737081
9818
586139
897501
701510
736025
736235
1512
738601
471117
63942
640709
354362
358038
533071
942816
134765
9002
947907
93234
252512
564995
644738
706462
349215
397910
993196
286396
470598
686943
627314
648250
805224
498020
410766
277136
344503
327618
90270
559111
251993
823702
398140
886094
837809
493083
544319
286580
101021
608029
162427
401352
109974
419220
697640
688087
339560
623014
758535
306362
9275
539042
742413
772624
989831
397615
99386
544730
897726
988818
962845
859425
708573
283890
785767
897151
328965
79989
730015
99868
664176
980952
669277
276378
398333
454117
248700
37409
711211
158030
378091
179354
802499
68617
579134
604302
778680
116510
308611
211493
105281
9114
532199
939455
312268
628894
460244
735840
847382
645167
540165
963742
272879
147822
984063
389966
813125
369525
173298
855848
972577
726781
140647
604092
467753
524654
378474
872378
789895
507034
862650
964597
563929
827215
633429
682213
58353
20503
453925
454823
652472
556824
264964
728582
470636
547868
485432
171269
309658
901276
804022
492575
848236
731174
565967
753969
7392
579018
695035
583187
137383
683765
537566
340969
483512
880928
613844
563146
280983
464608
930790
453335
291033
447864
742922
89641
606545
521503
378760
589500
422819
836241
372986
252285
625553
265239
217105
957517
2622
384741
227850
830549
634745
749385
940030
739780
730784
133241
526147
352182
191173
704510
297564
629279
890286
226411
391942
733933
710996
988314
707397
24314
670305
598039
389840
465701
122310
878550
135384
448120
273835
801950
85329
305714
359068
75616
857300
120641
747172
650622
92939
432928
777889
989979
346940
513039
194122
317326
363605
546093
331734
327206
53222
152432
191946
160132
906344
683234
894408
246108
501684
190755
567655
686756
879094
208861
786662
206813
750280
765683
873295
595904
519786
21753
648255
90039
307824
901072
236694
776988
565266
169058
180051
467572
385534
432502
975240
413155
173330
974345
477532
191713
141065
809245
448457
18862
438375
781160
146449
115546
92940
959990
526715
836766
857442
867383
557466
886181
333467
78622
95585
363317
477969
141451
477218
452894
816256
920542
989451
465894
551816
533823
426538
906051
755713
891088
913174
445546
172095
844405
7365
942605
952233
757837
952190
883089
681434
474755
979451
103117
780495
801330
736414
691992
472991
374039
457125
775682
339695
355573
857787
680677
232031
17204
585595
846979
795557
11626
557639
953965
493659
100514
900240
952601
58137
159842
549924
844280
817764
62289
735986
303874
306153
502637
756504
658235
578725
293743
871976
66896
240240
991983
963114
434843
761135
740481
695933
287571
271730
489059
393432
976825
101837
769947
260892
72823
310420
653307
866244
687703
563986
776660
799839
138622
294328
661224
251845
550320
225678
143342
310283
626139
71494
47111
222003
69538
685638
301010
828679
928570
80745
492584
281841
758002
687383
940121
624885
901826
309131
501149
498841
580492
278968
972288
497754
3597
787100
206009
131612
136135
988744
19107
619063
786488
679108
683705
225064
954270
347721
486851
926599
306700
557640
322416
550271
166418
364976
445126
47796
613663
772968
14962
305342
507899
42878
684794
366727
31930
687000
819478
32125
28353
966610
746757
716274
644672
490202
969258
390549
175160
163624
346218
260564
27752
462603
519230
32270
798431
491216
282924
745372
884028
112311
157741
434715
739359
28415
181662
627179
877064
701161
971259
458344
840972
230463
156905
945580
395549
371723
427218
383420
20506
496216
378319
908865
472187
314627
500764
2504
737320
883386
916459
261374
965825
209664
518473
391651
124454
115009
585780
890684
164455
460796
276818
918380
83373
177220
232839
508797
971069
459442
939773
734635
154754
8448
628726
406555
579943
116515
347462
883576
341504
341522
244981
23908
433794
409344
982607
190002
354243
262138
257621
314814
448361
416855
960009
419929
553012
414298
724041
838298
140350
634019
144024
808598
57031
17038
822684
504275
491813
156113
648897
51336
77975
346903
518843
943042
549151
798923
178801
668837
786501
811867
721905
336348
901816
508
233298
191817
993751
596458
463429
508141
167543
959747
480771
623984
153387
940973
804108
883487
383291
334938
268355
972849
789714
707380
974996
671428
352258
857956
469507
803759
967932
117295
709551
890054
100394
499481
103311
923642
534441
956033
370323
562823
479659
435901
559562
245664
678989
916046
865558
544188
628514
914198
811958
20634
342907
945719
901483
642270
415547
202479
78777
870378
326743
435343
869650
46941
510426
40992
551322
326129
183943
790579
293539
468462
887927
605514
978990
28667
73302
771242
106065
476929
724051
302990
235915
946656
714352
534917
527570
671101
807238
819583
156487
388154
674437
587410
137565
544137
233860
241816
783170
458468
426847
170959
50216
310091
585127
412379
917245
63177
523413
862837
96458
542414
38780
642197
632918
61843
897398
905560
93661
788571
593164
693466
172700
202572
187954
1824
288085
850392
517487
682140
758614
172878
864042
498663
805970
725673
783972
921241
824574
62236
149986
205907
893155
645992
602131
663983
637162
205542
47350
596924
90256
686785
389822
834258
700589
18158
844482
413761
919896
344868
377686
906152
810766
548020
920142
199027
539294
280802
246146
189876
716891
973849
888551
847307
531205
418214
849681
62221
642394
107731
337916
208788
559201
533151
238634
484824
185291
77919
398382
247829
873272
175537
879613
132426
410338
520077
874585
17975
521748
386089
877804
676583
873035
42316
409633
106503
194838
856633
117323
353311
691739
606578
908632
855091
98954
590631
793502
31849
15622
453960
413957
451901
921113
982895
275837
120719
209927
899025
161772
307101
633572
620148
122047
868186
559205
148562
885763
968253
199777
393926
343531
526018
926358
615600
882406
837845
673208
556120
274677
747010
347177
25323
256809
62154
586694
342734
8138
379142
291239
264651
671253
528132
547447
659230
187707
295301
352858
627738
770350
107948
414950
47090
904145
10695
753417
496333
708296
91218
29273
670756
426709
426335
86563
857279
419908
796691
935991
58052
634386
224466
762628
261492
493237
516767
883583
830162
263018
211362
830968
308223
903049
795829
458283
883274
306698
318876
892115
774153
973500
252671
370035
756176
587865
305074
806738
495499
617681
220359
635341
877519
159305
678048
782864
230928
534310
517523
46272
116975
339069
505327
374750
113157
417597
321541
169318
540056
84300
380264
359368
20515
411703
715876
214462
11207
427434
471753
335506
685884
599882
512705
41121
491783
624214
489688
459498
46074
169346
236885
361487
223105
82766
942766
426258
360840
118067
486774
1618
100745
114647
122283
701217
259587
221421
140582
525505
994351
945252
144495
12342
981369
186816
198342
990039
918915
86856
821368
442851
526093
102144
587879
197677
539474
286744
727853
245328
627314
691686
209143
731904
719061
306120
555502
410735
733856
938132
298728
88689
412401
173260
806955
638080
697209
967765
56784
377868
789042
27623
554317
161525
827954
425071
677858
689822
787068
340116
48405
827179
505739
468079
249088
531659
450954
424403
206625
601009
112595
812189
688538
29837
551579
594358
318843
852155
384547
640504
528271
257103
985860
937787
186085
771780
215401
278910
556220
317746
68588
100595
653297
689156
49288
127158
89124
252104
480104
833004
974290
892336
800950
4875
53884
98424
836265
690478
214266
34751
647325
284667
720922
616391
956484
496055
355768
273171
213909
495984
767765
132469
569142
632649
214231
29398
64037
36639
357270
747292
917305
258184
390360
628114
233220
385334
644107
27278
238439
27605
651590
743226
824413
135823
809279
40706
162914
37375
279706
734731
291739
378250
954300
961274
952128
986239
937082
5908
746274
146476
893911
543938
432659
489544
913268
566711
393985
242498
821380
616287
365868
315242
686979
461296
198342
850044
669813
496967
889854
146607
223785
796209
740524
25
906776
568052
569937
940370
300730
14895
843141
72333
487218
605260
536377
308916
989582
276384
59255
413503
749487
825026
848148
512238
684644
491901
535110
988301
852304
948866
75810
785729
931929
790108
530757
513252
459318
204790
537922
835218
549914
521690
717283
635352
247144
389757
314188
196915
727434
744344
757340
258232
113616
305395
545673
550001
345994
895798
794188
275005
861561
276095
664295
789441
63373
567073
260371
650932
10879
136727
809620
838203
601756
136364
337711
594471
499057
860832
108754
21494
471955
289096
750315
362853
953151
658902
930783
31266
572214
110808
131532
414381
758463
303464
431467
854343
935558
181759
704924
744639
764749
281376
807574
122570
460916
772934
402221
328689
664245
914520
128814
30814
305748
308506
505898
790079
512708
102122
642085
208468
200076
551437
934839
305492
722910
126667
977066
926997
782053
225932
39702
868294
786221
92705
748756
753659
642973
496998
709541
899964
380637
624153
920403
448340
298645
676180
61554
26657
685150
65422
274244
179841
520139
414006
215592
405559
520317
921282
702046
752677
845411
258502
846960
949443
592767
738154
607481
599008
709374
379640
127729
550045
220554
646258
529491
436216
782421
152615
133083
40537
436836
92356
269151
482349
261964
248748
540650
304624
666891
4489
841933
156370
215713
284064
163741
663787
563688
360813
360839
518902
203860
6570
972395
926113
486244
506676
407041
944153
426102
385778
345065
489641
519756
267225
293221
618554
456046
160925
891419
157235
209311
363933
23383
460108
502570
401300
653427
570680
974517
439879
211596
280648
525847
493694
347437
239106
238478
245014
179808
61008
702777
173784
415692
22106
310434
679584
848387
663136
153656
613974
753605
900963
709668
209177
15972
950431
339068
117348
295681
10351
999838
318749
736407
886793
892440
824862
382835
482477
599426
914078
576305
40152
275807
861128
660478
541883
738912
502241
820775
591888
203565
304418
584696
507895
438460
636587
570916
761959
651040
125195
794238
435028
389119
476246
250797
623510
862916
625862
759381
123690
420019
156880
705763
779178
270421
221646
401637
139396
359351
931743
877535
367126
403853
28575
977680
127594
450102
862989
60800
304467
862650
364170
520448
299257
483140
196821
359898
662945
926161
209028
612794
58411
950726
804065
306303
823463
770357
384042
555268
123822
625611
575984
745065
14418
508384
911750
906249
563237
49465
487569
630132
827739
577684
312394
996799
506757
236970
490289
868909
521268
208046
732422
137313
306157
687698
315908
346042
778576
921619
922223
551562
607249
10865
945694
12521
970681
863448
64575
57284
697823
419332
84441
391622
677663
842208
430267
632808
282587
968305
205417
722549
980677
338145
983920
143790
562339
92419
522712
392056
981625
883454
999766
628312
368968
704614
186116
364645
852906
820831
627334
208388
698787
725961
531262
573170
966818
601226
219611
886107
694570
126286
370823
677889
192896
606182
29021
142613
542343
64686
509618
595425
646243
257360
971422
642943
160389
473296
856522
22510
624187
582853
681740
825102
444423
847756
150545
61507
386814
849461
583103
562388
49496
339327
446179
718571
371926
520846
999075
730888
870163
296088
149144
531906
28547
760367
203492
748142
81016
730123
480539
433565
192816
636493
624507
312827
112159
185872
447888
432713
652908
19149
998501
718265
541417
359980
683581
619454
800135
500038
205556
141158
743511
42651
858737
150624
200913
109049
51524
165717
564767
903146
331687
447554
372762
256567
505799
60054
239108
424963
123812
363186
484172
781903
400043
568708
514948
259215
444408
406235
908009
942215
101350
584525
657724
80159
340909
608339
213063
404686
458141
518163
59169
967912
405216
300616
351765
642200
557851
903315
101912
426221
910513
888119
3330
308183
400116
947836
995388
51079
964626
922930
806436
253600
386063
710571
879254
896978
695035
38328
691970
435130
667610
128930
859315
465330
503438
475085
157252
216517
112813
564939
32958
690275
968717
333935
71969
791274
310312
516657
752651
329130
454118
56166
955173
162248
419583
522139
916982
712843
451617
664238
28401
136574
549094
458904
872520
869929
868666
265093
94156
702674
486193
113410
583153
454633
798346
719818
420883
338316
665219
644874
777552
155418
929329
567833
649925
817678
286511
331892
499491
400118
183065
230977
295317
620755
469464
420694
117315
821224
157568
608388
150813
454559
551734
408351
546212
845164
355823
693605
257909
192947
594545
853556
359208
583153
745437
513747
332063
384995
907808
560904
594002
699789
93945
440823
408690
735635
680603
560324
301972
866341
456986
220200
775287
263767
976070
212817
230834
372412
393794
199277
157816
153639
867912
493734
20512
940568
777725
779894
205679
627146
13684
786275
353142
808733
741528
453020
314456
971481
402323
364873
135036
159706
423640
200303
520458
231439
644410
360069
256809
304626
32868
316016
726709
222386
648209
628484
567634
916303
459048
662326
342339
966534
42439
99972
934771
901918
235004
127130
719294
5559
342306
60067
341858
779073
808330
750640
907268
846132
679984
956775
163081
778112
585305
593783
620484
229385
968471
366122
824618
40647
107214
795887
220765
219883
839059
298123
93765
845625
698291
666946
384018
707886
220549
297937
139599
764171
501679
766527
555409
737698
480320
379417
397151
240995
917560
915456
195891
92097
936102
483901
356429
23420
301919
781058
851176
49090
880139
960807
213989
298357
671537
705316
703756
994425
891595
787072
640103
486850
356779
48840
136402
729866
850738
817504
20425
550570
931769
719507
449256
675914
81503
368280
846236
272905
551463
771016
697525
560269
740274
908032
131397
493636
19133
928778
760781
252774
645589
12329
429017
192685
53243
195218
393241
999520
492489
99997
453214
246425
3753
722056
560528
546984
937412
28792
316329
784049
220172
991571
449342
723504
826813
951099
538797
24236
642758
604834
226721
783912
79368
911258
77085
451523
369388
791857
844498
271270
437406
819842
478912
396001
307073
403968
779977
359088
413852
279677
78536
270824
221406
917464
777459
550375
409008
801882
327946
194309
71321
826663
838928
144624
1493
439087
225138
425043
143150
234132
595253
596499
280839
711299
558305
458678
771541
557894
429971
142500
95658
303211
981888
844387
412478
691471
28279
842760
890148
785660
366960
166633
10250
629307
79569
943646
672841
408579
116700
590896
687939
161620
862392
717911
926987
485333
661349
601363
562255
947996
579714
299736
667274
384072
273135
105967
768889
483317
531552
662683
971438
287826
408671
924707
451276
736275
114776
320470
786382
105686
743744
584074
343008
368931
722473
342476
329924
970911
932172
634720
662796
487644
964487
538463
584212
426412
307145
291768
490091
24872
797923
74669
834009
330789
617819
481694
325058
879563
63762
281817
22016
46124
434734
679884
369151
221558
499031
30432
226091
105583
331934
76278
808242
334967
796937
692569
235619
730940
77426
2798
404056
679530
40364
974939
858142
645255
213400
335906
697295
755613
347262
353268
995996
899165
544335
598025
605584
418719
301146
886775
914155
515869
613169
294393
790959
853583
260147
573292
866127
575054
705419
198318
909395
951060
910160
878595
368061
35307
1803
13379
49195
598274
204792
439501
775078
822757
616775
88950
938342
17473
278655
52104
221577
458992
442899
816429
876912
552894
440112
806213
880763
469783
17014
62490
923107
789259
459224
51523
7937
890956
382187
785770
815217
201533
794841
198462
571633
911675
463998
239147
369234
641589
770088
529990
296001
211354
923108
513313
199263
89209
249997
936946
8099
215953
313288
992357
608735
759965
747596
728315
799077
17558
482095
328760
534420
70435
937338
236485
459472
42295
655033
899042
682019
704972
140962
634011
998597
889491
299505
229404
941662
960884
467453
504004
501356
920327
787360
29962
577345
357045
493213
576607
277358
771157
122508
514296
384533
672894
806039
323311
659822
120370
678431
757468
391569
146239
487044
57420
445475
563024
722175
795100
659348
302695
33505
299126
94665
744524
389098
688977
581493
457324
886277
998940
327177
637330
793428
7097
253657
636010
683706
558654
815085
793568
359056
528776
468608
948774
221958
229956
164788
21808
183106
928938
273587
502620
969875
777263
669300
534327
687950
718821
380777
17334
33030
985973
304308
831249
830235
260532
633626
883506
776179
475435
665470
831085
825725
631889
293280
48873
199584
593726
414867
614328
724258
654745
646117
95238
747616
313319
622701
312246
661052
466361
928029
442802
809487
379757
54992
30837
433754
647086
551421
144246
216618
747341
833248
777924
789525
633588
600362
98632
969177
107306
990707
759712
380504
416808
249425
262664
722908
678716
489888
375047
426436
87448
628301
501622
51471
90276
477186
117552
412376
437159
339859
661739
18618
823510
355593
136513
432234
900838
473250
308250
207365
274798
894079
987448
476295
459183
486354
255526
936481
366751
765449
791062
395694
488731
776218
875163
784648
57419
43585
951951
764242
707952
451190
596619
968337
706981
944475
304226
135207
36149
112748
999404
877784
600690
726813
731812
700888
262887
360544
297141
714304
849901
745580
831241
970845
27021
365874
725356
362053
189915
390278
981178
481774
262631
564695
500835
414192
988839
979362
843129
410659
781500
390721
627052
997586
266417
101837
600371
195814
56463
331507
841088
743976
295750
413905
589481
345814
157934
494793
889800
494459
890950
736248
458997
133092
52516
348964
649216
935388
653661
999052
42185
426967
320905
663886
173326
498851
787579
188913
60943
757396
164744
539822
224790
893342
27351
388441
896249
980288
115498
348864
797474
916706
612161
604858
49064
39959
412758
513603
612436
662566
588241
973520
78505
914427
756004
176084
871724
634525
799380
430180
935221
459565
516005
269372
481214
541550
411052
750137
166732
717910
625833
804590
941523
142121
699353
549286
436672
590083
241405
459376
129515
649120
575115
143190
296528
377528
724767
331109
681748
606072
965763
709595
833553
218646
453389
516239
123625
570532
132397
250566
839926
235729
249144
565162
948558
573601
134823
742150
747236
791014
436066
518639
839896
797688
935195
678269
681545
892175
829042
974581
701597
92930
527441
868498
626323
22033
737919
838435
688069
843105
88875
541623
725890
320191
561286
322858
117776
527665
625023
661183
357199
912863
92779
86326
727349
34169
514155
435674
602239
121119
820421
317495
714065
608637
346845
975929
458877
970485
167310
823471
147400
133790
143037
975264
901602
298532
235581
847890
210376
277800
327753
812740
509315
863271
160440
281151
625472
640170
157759
489929
27231
824667
282613
864475
989411
365440
619400
556612
937326
839901
384634
657751
46929
375407
190227
593570
240100
184602
326529
963412
999855
553960
493669
97534
695117
799688
854092
88113
787267
256430
64680
463834
762885
492138
390839
994456
800465
864791
540266
329480
974213
962717
971128
158585
477998
160902
333894
754045
611220
869230
610591
193217
45731
410006
817819
305103
339984
807564
509191
814113
872066
348201
30922
552879
997576
202973
364652
533586
761532
604328
766320
756926
656226
367464
712076
319971
297754
899495
342126
598097
124569
977329
92715
730495
615134
737160
424676
99289
847789
345226
155815
199901
765561
122198
56453
834758
480728
453743
760276
8145
722075
253147
287027
777323
231499
436249
529634
224718
501088
588054
967218
877467
763376
217496
578812
298873
933288
897737
374207
872795
639818
486542
527942
605653
352527
98681
643561
871059
663271
67098
243929
10103
506480
883228
950076
416882
472462
946440
52142
409960
958795
677982
19329
801581
132452
971998
175113
643415
614759
839558
549125
201804
203964
521620
449765
996145
438766
765193
69675
923359
697830
96811
176648
311063
846577
716863
887580
186539
456664
657768
197717
873003
767812
938951
783726
72390
221226
258127
573487
321133
139385
543242
97952
984424
966940
292670
915444
651678
773997
391155
653370
18473
692156
473668
865240
622676
683518
718799
837052
752096
425296
716086
711404
851097
478468
522226
416266
135851
479400
755511
995616
58598
816218
423080
670059
525625
28193
448091
606515
617272
738609
25987
717532
157507
457538
778839
238482
828509
360563
370092
448455
714498
803114
55045
403458
91822
55827
971744
33167
356965
914766
571722
636355
246483
825474
271998
343132
376637
293419
546503
106788
766500
226298
439509
384842
105278
164866
499438
12826
183707
471679
536583
259703
254369
596618
392214
416920
386369
862707
821549
318564
726960
552550
991428
405746
152244
198742
762856
250949
811631
996444
979700
395640
110782
626128
186141
892570
798232
673527
908188
517986
610422
467628
941274
45449
227736
700025
378805
192291
396336
289662
292096
812165
880381
161708
190034
996500
417833
65867
796649
652084
974588
94984
234546
888153
988753
289198
490650
514698
358593
772216
196383
437841
155296
301314
338868
791633
696285
768944
36710
750640
968071
175816
205650
350246
120070
907057
281469
180888
515142
929472
711907
330032
791329
177136
44451
200513
141166
521513
924860
347917
560949
134327
583260
417512
657913
813651
84430
77882
45547
803751
713077
713980
725951
398233
415486
427456
343929
475306
387774
293710
946626
134213
382314
751652
562128
121319
816535
670142
222668
507383
904323
594938
72437
565975
912248
151089
566812
630580
199390
938156
423011
989327
266940
438522
91005
20445
272183
615767
566914
615139
877892
670677
527466
547669
482889
427758
305258
50500
79300
867498
372699
915093
273757
776597
675639
260438
586100
132409
558231
827205
29980
989085
767295
875892
352805
716739
851035
513989
21919
802707
758477
602040
845722
136081
139846
379960
235970
674423
348603
354941
161049
145068
483362
41862
442110
684770
194094
53278
225306
524170
798306
517668
700594
739608
730242
281328
497128
590839
25961
348880
182068
92286
613016
441755
682551
856734
981408
190941
183893
492657
559398
311738
35736
977771
760553
282127
688321
380031
727058
542954
815496
216289
30353
853267
264026
88939
173438
478718
525250
486140
357683
64832
602816
749247
933281
410021
9888
676855
810022
983431
92544
463816
848279
1917
438857
10606
767032
698323
903399
36865
289517
67999
92444
11293
214592
94286
962754
689201
241227
34820
561272
278411
949224
686951
3978
699739
293754
371983
824635
687692
445590
162709
182736
623117
400234
887714
933839
538054
502261
429604
772572
583900
95572
14766
863502
995563
282355
25407
750601
161545
901046
919752
806108
204038
266434
592041
919435
133685
757014
120992
386786
255185
98391
567561
922543
124957
144695
294282
438588
308103
895661
549229
431782
836605
198297
741443
474274
563023
160208
599045
875884
360030
523742
729119
797929
121014
532582
806553
829167
586885
212184
493904
209349
175523
498140
815893
751046
258928
439911
665188
364563
252842
770552
353230
725245
27270
800518
93398
812115
165357
572402
918426
383371
92095
125924
516491
397472
450330
932950
111780
787698
425373
510990
24336
532921
753190
272778
578369
888775
525403
511195
696923
943042
455659
467599
358691
228574
31353
240637
850746
581950
185872
43114
773359
303748
905147
835860
989358
77538
202310
32830
823543
516407
667951
210632
566248
20509
820085
529361
685439
623124
382428
414984
201397
404228
776920
370406
837054
578599
853737
93455
637194
885309
237130
445899
233287
360118
25556
780356
269312
597668
243927
862602
698559
161940
347306
917069
553049
236627
187341
58920
860292
847110
3433
919358
760295
719172
547609
490232
976908
576947
594415
292514
355521
498697
828201
221501
87943
845896
658460
466906
118678
938520
614264
442428
591137
334275
603222
282541
897776
887578
667201
488046
11086
527220
120462
59703
233678
946265
756531
248057
187511
652217
310837
514649
631414
369365
625478
724578
289211
835083
548251
190849
6588
74653
233942
21297
159030
513574
559634
561115
104227
293220
303437
363352
636562
311845
682090
777619
971219
503324
404495
409059
768401
762123
807444
770028
994662
748941
325062
437375
463326
718442
797786
770845
442228
963182
118701
665731
989793
48541
192573
792866
936495
40340
375686
566244
738890
563438
868729
459726
322216
741594
172802
938135
441802
515851
745309
379732
643706
593674
566632
35423
113875
125746
146010
438459
939029
763807
668335
32495
637414
671893
927021
685104
574993
213013
200416
660112
50990
672383
502309
143491
270784
235947
855492
602325
518154
200590
483358
478988
576420
173629
953930
477456
353377
338119
351548
963859
835195
720195
266322
456323
792590
283438
712668
557168
391532
521443
544682
538972
349729
65316
434384
332124
734743
259186
852604
561344
695391
736326
871984
196487
767758
133945
201473
248095
430001
41221
572001
608968
980852
233133
311557
546032
619557
603007
332134
481310
160176
452975
907723
650769
397389
131874
819988
193308
99434
357075
705269
809289
668912
956752
538156
991610
950148
167073
77154
632234
228332
518671
991572
550832
737015
578221
522393
312458
975085
862166
68801
529958
803660
468733
697212
992298
901190
791596
544192
746123
588930
761717
788028
1401
413671
982565
498443
124053
208375
590701
791516
675297
190136
891283
311394
6317
193384
336293
930
2396
719883
383887
104304
288216
44703
92728
650837
775184
444630
42091
4405
77581
799259
410592
494070
749135
679769
728937
196577
973259
668470
8840
189713
452085
550873
962287
205073
183735
989968
111759
231885
141115
199749
235147
599807
118501
927070
552239
105261
612322
231361
276476
574699
678166
150336
219961
427516
114191
139119
461098
30611
9859
474411
865061
340105
947539
487135
299393
710415
620031
313296
995759
556656
168975
67300
701371
903873
759614
311694
273448
592402
687228
806135
142804
493286
412507
805786
975238
974051
168604
377745
78736
378669
868588
452438
65857
215730
705682
111654
250145
578435
40974
64514
586842
649598
422491
183239
500118
145310
198258
817345
175908
618518
298246
843369
387994
603774
74446
797058
607505
938618
662489
333204
311188
510864
82564
939870
342648
464281
714725
46557
884919
827177
709753
184545
722629
812496
868168
700443
469800
14424
122108
296393
591138
41859
125896
23506
418453
862049
511893
626606
69047
881965
186650
5517
961645
91989
353474
201657
938019
94482
213641
121665
623451
5827
574810
212649
387966
187022
323735
739792
733028
508396
364018
357261
212273
860870
482957
608757
185669
761788
486267
782783
723674
226239
260248
669878
716766
886246
843134
319508
642638
22008
837057
228191
330972
729570
834558
838432
111638
805098
801615
861811
585841
389332
874411
246546
685215
126236
960262
196044
561606
846387
407339
371815
847094
506720
870878
901776
715413
171449
464108
197699
887900
445050
47830
325990
957845
837003
555684
236922
137857
446392
661389
530632
799505
193087
899622
165035
248920
236634
770404
386465
524124
841474
349217
961459
295819
263465
154187
99462
975789
141375
502125
396047
61159
330892
289671
403291
501104
7130
437537
424235
651740
921270
998722
191318
839578
154893
839588
457474
563068
822518
396540
114631
494599
743312
186266
720483
208613
817606
351238
599604
20119
999827
311163
240949
120705
155183
593111
597165
558310
704311
960618
727421
799204
702101
806305
716874
519189
446552
355645
288944
776573
938146
705399
343032
839807
881200
301624
156094
266322
346722
521277
724268
405484
513002
957658
208897
765006
308801
345226
920750
631227
87564
541935
397952
227268
565531
465310
408209
871095
575881
407576
740811
589130
437968
733335
423768
961522
729079
837513
58429
168752
726809
2535
917294
305543
561245
958906
65905
676666
185127
24079
724141
825427
728968
32690
682664
823073
204755
610704
132525
766443
603549
507469
936470
657027
930227
106731
279425
790774
244454
947748
719959
351947
50400
342564
468365
618342
578532
119116
977455
95807
532640
246534
703015
127784
829668
573657
911316
193982
650663
951992
970405
874525
904852
570407
393090
555763
397005
248901
1947
604345
220569
585698
567392
448651
369325
745132
247394
388892
477449
402071
306950
369670
496947
434367
429388
409748
404037
484234
33698
81439
404061
539311
127438
840011
871863
907891
798167
650999
744110
158085
664930
736253
431683
296070
230072
551294
927055
643117
784586
488007
363260
495796
336809
739699
729123
353992
629001
396008
591744
138126
449433
175706
811216
142931
286142
431623
783362
107046
941047
977144
347809
195866
597007
227279
208123
20672
135934
260287
236738
956426
926141
967333
762128
309036
725186
474557
813170
67419
303677
947665
415749
860004
271801
921973
288047
702459
25427
307671
199732
358705
730331
412320
926081
390233
589927
633844
717344
809400
721966
695003
474194
669768
744468
609640
284629
552276
901497
160479
968486
962281
410825
658924
356998
443319
604774
392101
9989
391874
717740
255302
658666
140563
958869
542355
762416
606775
845125
971461
67288
714569
943775
804156
785379
995198
896309
849565
678494
958362
13666
256393
376355
423302
30765
639663
593138
323793
958501
432907
652309
212578
724057
293674
498421
96343
806533
429533
500239
301039
149251
603461
275087
918811
909923
960634
535937
394447
982015
54852
828974
222454
419751
150431
359301
503005
241182
394908
766354
460788
835587
840841
520673
168414
366733
222212
124153
929479
798099
673167
761826
251037
50942
506244
461969
298407
487563
672406
3349
693307
472182
954274
718010
353878
815340
273706
998763
192386
53735
26132
795968
399472
615420
678763
938287
905674
581908
991521
547273
226293
56909
91823
108022
70531
921784
25363
30620
516694
46051
344026
47441
370228
113582
540242
638008
437704
45702
102939
494268
773590
73547
524184
740439
46265
566819
130967
731278
794261
729536
309603
659641
278382
601646
955902
80130
949194
766664
160982
548077
703670
688134
915474
425339
616665
49832
748789
808676
806346
26438
629988
187980
612281
440647
866912
9861
763904
318506
328002
656081
575371
764495
963560
827738
265779
9856
303678
835613
292329
728337
674730
255665
698739
754237
577020
376811
98592
596510
410642
52608
633260
428216
108125
75756
692830
625857
406959
877136
772347
836830
858417
891762
78161
268046
796487
84105
185449
864849
640099
762814
325076
534064
975894
918518
756969
803409
97916
962893
244094
108084
864078
564632
816330
133455
279481
83842
335569
298886
728353
915319
598002
952851
59971
213548
920707
894659
274492
137541
1325
697649
850626
689461
26469
569182
184357
793142
994150
744420
314427
839819
859308
6925
326235
43796
555535
493000
667505
320483
426669
860568
617304
558495
800875
274849
485095
103278
683977
480589
977000
869473
286928
529171
16201
97118
703625
294267
607152
803620
668999
176958
705646
410429
788916
346026
35928
842982
125849
195537
88911
618577
677393
570813
535089
15101
728487
253948
141932
393834
704085
515685
561641
511293
529263
504510
708870
816660
941230
332408
550563
600016
747081
783334
374275
425517
48359
657092
394542
571293
505660
660682
799017
190563
606926
488409
950982
170104
459569
512096
602349
927211
455339
637281
543042
42236
221012
957474
224260
679825
868556
554440
724814
175166
99258
829823
746946
639681
561097
562598
723040
666752
611045
7857
61019
493342
596931
585808
608503
412276
210869
343151
944671
426800
293840
832413
321576
10828
259096
651360
700100
369062
664630
710379
900296
210260
515533
549280
702000
162319
179556
89989
392080
138848
551622
429941
175638
754258
455098
810683
157484
655586
200960
736196
716338
8144
447270
74013
360972
538911
168402
846654
835901
810668
410159
119841
259110
24489
962389
11983
417640
726595
455263
950080
393056
116251
522778
614686
537247
337636
283723
301205
222197
962925
497469
658208
451020
95304
965566
936155
451625
449413
641367
73012
398889
329796
386239
401334
288992
434155
583180
683546
346290
715569
381738
979762
802973
874437
711505
498160
42276
671417
922143
549731
379746
426311
607933
727928
607219
723557
669574
661594
801660
884153
318704
358188
59624
813974
909540
204223
169906
425168
193634
521414
198310
70817
93671
440837
787877
713786
348676
919952
966603
21527
363807
278436
712256
139343
489868
473837
208749
212272
307302
364354
283886
332833
483814
749940
800261
552397
893740
248210
180857
519276
198982
141534
299179
264925
877557
102439
240225
888422
428894
996445
335277
253305
19497
284521
525451
109357
542843
65603
36773
2708
921385
513799
614264
553179
974479
318680
525465
973751
553273
883113
143439
572096
955325
885672
926263
244583
831516
725948
702249
317605
335085
223412
626221
801910
10159
622140
310871
543259
482568
383251
57592
25901
9551
862168
766075
848699
609719
510920
165178
928143
595596
205069
698482
814222
376953
789643
416620
640446
505373
970050
769571
255618
962362
417836
539298
633475
975688
168737
800410
963014
428459
785297
778100
677650
344172
281820
217231
158483
501621
863645
902652
229280
174585
596518
101177
567952
288195
805427
583552
761075
159221
149118
573569
642801
454518
12327
983171
187984
236412
813024
47794
60366
366090
270278
734385
989039
826314
920619
305341
880882
592565
738340
784939
381736
42392
819475
626396
538332
330852
478301
208196
271883
441338
942556
1640
317257
202274
14592
699772
960628
250109
415872
213485
323612
712648
574665
929363
209907
692470
635728
185403
971406
635316
585952
143184
334996
807940
748713
541857
391778
170147
920230
218238
786584
498130
904757
883907
342157
554479
677722
462294
916425
438497
693666
236565
989515
186071
951971
294782
959471
784917
97682
571994
992144
430237
202321
875199
800811
305280
878465
141920
606455
276846
412569
783117
769286
898760
487454
139022
689376
483226
675319
741861
746073
620259
554413
378930
600766
508168
693911
981409
46372
542888
222298
649290
284423
93455
269265
819704
898251
478431
296310
984385
300947
499053
269582
541764
160011
15567
162763
903497
423802
443120
395190
170820
158371
432715
325022
114657
709567
419112
207663
707626
166230
828913
841640
929518
450264
23323
931887
574164
831586
172031
890981
308161
748840
10568
432625
737253
910684
941395
556643
841063
392730
486772
805162
489280
676520
248552
852092
935513
265134
716253
836684
821498
13738
220592
216377
500600
160465
554155
354850
536663
461878
696352
143827
520474
43708
842308
491859
455404
797028
267985
491675
503490
324119
524926
137656
718908
252273
525699
337347
803363
368958
656211
377590
854828
924507
115267
773347
877771
704300
184823
233456
245592
77409
639681
274776
708042
449165
852829
245965
950433
972381
34528
375345
752575
788415
801377
843186
893184
98471
268892
966650
283645
685125
269296
137583
377791
909815
32882
987083
964312
857781
655290
964273
862179
314522
899490
503316
621343
493581
211479
738733
949922
727072
869154
419114
474847
951427
655512
810993
550889
45655
413994
189821
426985
463511
620258
697783
531531
982827
516919
728330
907026
299898
324787
850352
410333
867766
125183
469353
722715
741491
40551
205028
297392
699686
35992
471803
875417
330608
735676
99343
668313
402913
682542
241497
233675
248393
440622
758930
646749
330018
119861
14971
38509
608209
337736
313236
767923
750534
904296
413127
620682
954704
720960
263780
357442
757742
404346
69366
979238
554972
30673
494604
781350
651580
662308
821874
742392
322478
62839
237354
174547
937364
436649
691913
969953
460887
460636
898227
562873
186462
476977
154337
726816
596797
786787
909869
750590
108805
829800
150623
542629
823696
500633
616182
32992
717319
559225
406508
307361
469172
243426
385269
55900
883665
474524
102841
962051
397795
296710
463302
270823
833679
31854
942413
756456
513871
932860
368342
154475
826212
86512
131780
931706
588479
938478
767642
649559
450680
251870
315053
869180
34526
549311
616057
623161
544530
599932
656490
656977
966141
85402
239812
374633
311935
234643
827838
48950
577530
904598
840415
133915
286667
932895
165390
451035
253335
689031
920797
614648
336293
923328
849751
274702
605003
203384
157071
233496
272157
79455
380975
557988
297096
450981
796761
530857
18566
576516
772550
253233
711140
491150
505184
546793
752824
843056
501788
499960
985114
602144
921798
633410
998616
107500
836776
13984
972556
871867
297070
348639
990544
345222
83910
457853
595968
802836
857138
573774
291051
40800
282204
358280
649917
192878
312469
471176
411447
156732
996835
921768
5360
422202
327836
39132
357984
256556
383319
680282
12564
378007
824896
457190
671097
52668
882123
183600
744864
455322
339587
866428
903781
793634
308317
534426
193857
547646
13202
678185
880152
61713
761551
19764
189440
662145
797062
11942
754320
140828
655663
741033
40477
475473
896889
767422
245018
768125
166843
138043
464448
80805
207091
78770
64033
84154
853331
548773
243325
418000
819340
526897
50710
426930
937458
751962
582607
76740
713064
865918
517694
408745
54531
41130
962227
241933
471668
225430
754465
760553
823553
77045
491054
881466
641549
721116
100796
608601
829376
416227
197649
467733
678641
8801
252264
667771
885810
144937
451154
840560
667894
877040
173770
363913
671252
984894
24996
952097
28767
406474
787565
50019
76422
694023
115574
468651
71590
365510
689645
561471
989580
169538
364743
471873
503623
695260
427697
788296
396873
666860
241554
928158
919977
355503
269654
801300
523900
802922
506399
618640
80290
930572
998686
31930
16884
1194
45622
459934
205001
167096
502508
277505
341564
938536
913400
635704
760920
252370
446341
319966
338024
946818
650425
514157
995873
718725
519528
680674
219718
236689
790757
686028
179479
471726
308455
512772
108709
52690
519661
995759
737630
905565
805775
800818
641136
997185
615402
786655
75179
657329
452743
922329
591814
900565
832406
42656
120923
731800
837512
767029
746094
803930
481793
66704
725372
931622
74813
222283
40205
423573
744086
335180
690118
296325
652933
959216
508063
817103
984952
422774
771581
529179
918870
232369
693954
838333
659135
520636
417257
811774
823059
73633
268826
243056
662497
717057
184984
101627
579485
128246
211298
40643
31264
810788
188213
745988
978674
138338
671109
504173
369786
532855
479732
173120
731651
292653
574373
692597
95465
891014
606776
868880
230844
750640
650222
683406
773251
932300
506245
282678
23095
516399
257717
607471
439555
138135
203776
506473
451872
746701
493529
949738
162949
800378
725532
638641
440980
128405
950121
607667
441488
871184
917556
615887
552084
115431
934011
684207
717780
135271
536009
729267
402387
976088
236549
388168
202203
219529
526059
7654
774500
631105
530938
698245
332883
151991
231063
774782
862415
11412
13546
330047
554039
641268
242213
19742
247251
389335
891118
342227
814669
112282
542404
912314
712955
946033
281272
329707
259607
879378
271293
794681
611181
809847
943968
425967
546501
198093
489705
412417
179581
787713
103672
567005
448180
773094
6712
544989
705846
821053
219512
971153
838709
844837
413338
759673
720111
547822
614318
634471
241466
288038
136132
290428
64767
824868
346079
840251
650024
995988
205284
290605
138240
223550
100633
426747
488333
293470
101826
324617
278579
898845
527126
908280
947578
580070
38810
198568
603028
799987
37626
89380
890416
968707
198845
8752
770822
455264
688508
646900
502141
845821
453599
748066
577203
110820
892721
903914
664314
657766
394668
767359
917916
332468
70816
652300
482984
64110
337978
203669
605945
424867
901671
714406
108477
654553
445420
747266
912834
463265
119539
476364
143679
429410
320632
151801
935697
159397
868869
690707
201770
909911
491602
350768
837783
561484
396533
741471
679954
803045
525199
514903
853502
890127
658308
229531
89573
537102
575419
659229
370593
171454
814083
927234
796821
749966
92623
888436
331784
474118
337278
91446
232279
337509
589405
479197
736595
856777
737789
210662
534
236366
635731
544876
836401
260688
5653
140148
6284
909242
325982
268379
382466
164365
513580
870646
877956
884965
287402
744422
4646
787226
799856
381158
859399
175720
605072
266892
983349
396616
818220
642327
21887
718960
282650
630576
457519
724576
797261
548142
547526
838452
688589
217187
843089
445024
282228
847231
725542
498790
544125
5360
210944
330212
376099
801846
422033
556188
200499
425248
975293
850382
482106
446994
988837
211072
412827
784720
967377
47814
294762
883898
334952
162209
255687
405606
887521
117620
715193
277293
950099
522465
676686
180345
262530
834140
674601
52513
530467
731969
745874
127508
884532
231100
225738
372383
853981
852235
91246
5060
298593
701294
174428
897232
680592
669288
973049
519545
726903
836457
223594
997074
515686
757386
834407
458129
589641
873888
88112
617006
606324
134470
524494
895830
943834
378879
886538
792767
164326
941801
318679
752630
794362
597436
979648
429276
691450
910459
816358
278324
123648
943186
821337
233791
61914
32480
859619
633973
682755
92349
90554
958833
195539
526362
121880
249594
135567
712730
129582
585390
841458
834236
158646
949493
573440
365339
111427
434004
29541
939554
949929
504926
990999
676704
153335
313602
366126
422724
456400
101227
375392
779976
992212
913504
522438
913834
848034
829116
594274
651525
187328
287861
780090
969377
250980
375751
455352
909807
82652
44728
176663
902899
733823
939043
487350
664842
934490
836905
503791
870875
429805
785131
912954
971482
865910
223348
829480
685433
345221
991065
848628
222244
661825
490653
748444
727486
292305
863392
534629
127610
35309
163591
154304
449900
205860
101956
247531
835942
14377
460148
809154
805297
315661
750894
436488
362390
359565
603724
559424
103517
662915
86763
149649
163109
89923
987230
16676
946044
635894
802193
148057
301814
576612
892836
879399
890737
470598
78991
759657
598999
470690
916568
199741
103608
86730
145346
568718
910815
837445
934172
566906
190586
309745
771785
344123
788591
751484
425992
731037
115497
290446
51919
19801
608374
350213
122051
517391
543857
311557
963864
644826
405198
291532
375792
356836
100657
472938
551817
942654
388716
406805
917007
178995
220591
938129
756811
245595
890643
823030
310736
855433
272326
275889
219626
336991
110610
363025
964362
418091
307569
210461
503078
638954
830037
423353
607952
422134
623701
159638
978243
735567
345384
410543
561193
916057
942833
635383
422569
43900
358999
930873
365814
632820
458813
10330
361406
617601
272369
861401
137103
983032
170161
13989
862582
118689
490814
312559
403778
494548
638829
274632
850712
905928
524788
698225
978371
288829
513333
579087
919114
936308
530681
761922
513484
570998
180414
969147
132199
611857
7321
440411
86219
575212
911049
543994
963167
160035
925171
675697
83203
31970
517384
292691
496504
28925
79588
264161
396767
981045
865086
91970
126455
117324
959793
337087
412244
906964
52231
692539
302079
486998
460649
564308
748271
16005
977191
385911
47312
81089
67412
148407
681495
670578
829612
787300
993508
525039
943966
417189
51208
449806
417242
130697
443564
546259
816086
400042
801860
520827
983822
95497
932763
662281
482652
915042
516642
697655
318767
672551
525771
548145
361705
334985
294655
394845
690333
525070
988864
733205
841029
335237
257752
754604
794598
992025
973444
998
665251
81340
276998
127753
651338
881056
364436
950536
288976
998789
46655
212352
940583
329455
285836
671703
654639
970977
770693
391930
986084
196234
689891
326574
570581
53058
535329
223378
822622
504487
739714
483919
686489
896310
491816
798331
424480
310163
905810
111707
112481
247857
966237
755557
756470
413657
914303
497889
529159
448772
67907
277608
956555
814369
350215
388738
704370
610089
934913
203360
654692
846929
873033
82857
844040
666235
232787
402963
436781
934297
181881
451142
46127
806314
413071
825043
986351
739923
555935
472350
900274
635704
968333
371649
555737
599663
160835
382570
924346
749124
350623
141600
519539
165331
410780
982586
868311
214762
736664
769006
708893
377412
780965
27407
296063
613633
911784
953563
939856
195143
86829
169822
966459
344094
827968
425669
374746
536860
344378
491692
502822
258152
601006
231245
581580
169592
170264
809799
681376
747442
14211
395409
845785
588867
533332
791604
387319
93895
80869
944011
743206
380472
270365
912430
31148
960982
945047
950363
822037
332856
430773
734186
513625
671601
284188
893792
894689
212343
58893
326868
735367
796320
914999
972116
195472
551490
400546
923062
320669
319709
714119
280836
73539
28737
767213
884586
554376
55195
625143
241551
132515
332178
895729
693123
772864
947383
555672
684082
207238
898011
210089
238914
104838
218737
961329
263688
443472
45619
286069
404009
41776
326581
437559
124337
387411
415043
127860
118652
779186
475398
575017
704621
935548
237874
457212
288214
170970
883205
587729
407004
332344
405202
888261
861789
32244
74745
214418
253835
588990
272021
745751
247477
600137
148605
830040
398862
217892
470225
997511
273154
888469
660493
125478
862717
257027
458894
231906
179433
447959
764315
913862
875480
476552
39044
677692
926020
92996
316124
127212
936548
218725
548431
989553
623660
62201
243217
503288
458594
183925
320748
555768
912214
424159
668772
783951
962510
997967
664209
39606
426392
636757
750524
903160
865545
696917
360562
733016
839538
506294
819165
27627
428483
356493
883753
409807
711586
368271
593996
383305
657748
554572
258333
339516
376180
752475
381327
825744
890301
976806
525077
732911
14753
132500
897829
492025
708574
463074
117051
873391
230205
210115
745361
465737
624562
509178
708714
583456
901380
746186
873454
106226
370157
29869
956512
824649
7301
147372
498176
564475
347831
69672
809520
181977
765945
35617
102127
241793
635241
437251
947583
557568
523721
580747
470318
773265
321496
915744
48103
263115
542448
49470
550101
801109
954326
289329
549306
831272
553725
106802
295341
